w0: 8008.439832646386
w1: -4656.591444721068
x_max: 240000
x_min: 22899
x_mean: 101066.25
x_std: 51565.1899106445
