w0: 7504.327196020248
w1: -3325.9792808248426
x_max: 240000
x_min: 22899
x_mean: 101066.25
x_std: 51565.1899106445
