w0: 7784.249034972034
w1: -4064.836783668314
x_max: 240000
x_min: 22899
x_mean: 101066.25
x_std: 51565.1899106445
